377
0,-36,-3,5
289,3.1622776601683795,0
44,4.0,0
97,4.242640687119285,0
206,4.47213595499958,0
277,6.4031242374328485,0
1,-45,21,6
92,3.1622776601683795,0
298,3.1622776601683795,0
81,4.0,0
231,4.242640687119285,0
182,5.385164807134504,0
341,5.830951894845301,0
2,-6,-43,6
295,3.1622776601683795,0
301,3.1622776601683795,0
350,3.605551275463989,0
53,4.123105625617661,0
71,5.385164807134504,0
150,5.385164807134504,0
3,25,-26,5
43,4.123105625617661,0
240,5.0990195135927845,0
128,5.385164807134504,0
232,5.385164807134504,0
342,8.0,0
4,-11,3,5
167,3.605551275463989,0
286,3.605551275463989,0
359,4.242640687119285,0
220,5.0990195135927845,0
355,5.0990195135927845,0
5,41,33,7
169,3.0,0
244,3.0,0
370,3.0,0
175,4.123105625617661,0
126,4.242640687119285,0
76,5.0,0
174,4.242640687119285,0
6,14,23,5
113,3.0,0
374,3.0,0
39,4.123105625617661,0
351,4.242640687119285,0
200,7.0,0
7,-37,-35,7
338,3.0,0
77,3.1622776601683795,0
216,3.605551275463989,0
214,4.0,0
99,4.123105625617661,0
242,5.0,0
365,5.0,0
8,-3,-3,6
33,3.1622776601683795,0
101,3.1622776601683795,0
349,3.605551275463989,0
238,4.0,0
69,6.0,0
186,6.324555320336759,0
9,45,-14,4
213,3.0,0
129,5.0990195135927845,0
368,5.385164807134504,0
151,10.198039027185569,0
10,13,-8,5
131,3.1622776601683795,0
360,3.1622776601683795,0
194,4.123105625617661,0
134,4.47213595499958,0
90,5.0,0
11,-16,22,5
18,3.1622776601683795,0
140,3.605551275463989,0
188,3.605551275463989,0
115,7.0,0
170,8.0,0
12,-41,-29,8
352,3.1622776601683795,0
100,3.605551275463989,0
216,3.605551275463989,0
279,3.605551275463989,0
77,5.830951894845301,0
42,6.4031242374328485,0
193,6.082762530298219,0
249,7.211102550927978,0
13,7,-44,6
137,3.1622776601683795,0
262,3.1622776601683795,0
51,4.123105625617661,0
30,4.47213595499958,0
219,6.324555320336759,0
20,7.0710678118654755,0
14,47,39,5
76,3.605551275463989,0
270,4.123105625617661,0
24,4.47213595499958,0
329,5.0990195135927845,0
85,5.385164807134504,0
15,12,34,5
154,3.0,0
265,4.123105625617661,0
105,6.082762530298219,0
339,7.280109889280518,0
156,8.0,0
16,37,-19,6
184,3.0,0
367,3.0,0
74,3.1622776601683795,0
302,4.242640687119285,0
208,6.082762530298219,0
151,7.280109889280518,0
17,27,47,5
331,4.123105625617661,0
67,6.324555320336759,0
266,9.0,0
276,12.165525060596439,0
60,13.038404810405298,0
18,-13,23,5
11,3.1622776601683795,0
188,3.0,0
170,5.0990195135927845,0
140,6.708203932499369,0
197,9.055385138137417,0
19,-23,2,5
103,3.0,0
356,3.0,0
95,3.605551275463989,0
199,3.605551275463989,0
373,6.0,0
20,8,-37,6
51,3.0,0
219,3.1622776601683795,0
297,3.605551275463989,0
13,7.0710678118654755,0
207,7.0710678118654755,0
241,7.0710678118654755,0
21,1,-16,6
124,3.605551275463989,0
86,4.47213595499958,0
98,6.0,0
66,6.4031242374328485,0
163,6.4031242374328485,0
143,10.04987562112089,0
22,-23,11,5
373,3.0,0
324,3.1622776601683795,0
41,4.242640687119285,0
118,4.47213595499958,0
96,5.0,0
23,-18,34,7
83,3.0,0
282,4.0,0
125,5.0,0
61,5.0990195135927845,0
303,6.082762530298219,0
283,6.324555320336759,0
330,8.0,0
24,43,41,7
14,4.47213595499958,0
247,3.1622776601683795,0
85,3.605551275463989,0
76,4.123105625617661,0
160,4.47213595499958,0
270,5.385164807134504,0
276,5.656854249492381,0
25,25,5,5
234,4.0,0
107,4.123105625617661,0
155,5.385164807134504,0
314,5.830951894845301,0
54,6.708203932499369,0
26,-45,12,9
291,3.1622776601683795,0
306,3.1622776601683795,0
271,4.0,0
294,4.0,0
182,4.47213595499958,0
49,6.708203932499369,0
166,7.0,0
231,6.708203932499369,0
332,7.0710678118654755,0
27,48,1,5
110,3.1622776601683795,0
203,4.0,0
87,5.830951894845301,0
290,7.0,0
336,7.211102550927978,0
28,-2,37,9
322,3.0,0
323,3.0,0
308,3.1622776601683795,0
253,4.242640687119285,0
275,4.242640687119285,0
93,9.0,0
164,6.0,0
198,5.0,0
233,7.615773105863909,0
29,-29,-23,5
375,3.0,0
229,3.1622776601683795,0
357,3.1622776601683795,0
335,3.605551275463989,0
340,5.656854249492381,0
30,5,-48,5
13,4.47213595499958,0
262,3.1622776601683795,0
179,4.0,0
137,5.0990195135927845,0
190,5.830951894845301,0
31,-42,31,5
153,3.605551275463989,0
250,4.242640687119285,0
341,5.0,0
204,5.0990195135927845,0
81,6.708203932499369,0
32,48,-43,5
348,3.1622776601683795,0
288,4.0,0
222,4.123105625617661,0
52,5.830951894845301,0
328,9.055385138137417,0
33,-6,-2,6
8,3.1622776601683795,0
349,3.0,0
69,3.1622776601683795,0
101,5.656854249492381,0
58,7.0710678118654755,0
238,7.0710678118654755,0
34,-15,-40,6
364,3.0,0
205,3.1622776601683795,0
80,3.605551275463989,0
224,4.123105625617661,0
369,4.242640687119285,0
57,6.082762530298219,0
35,-9,-12,5
258,3.0,0
307,4.123105625617661,0
58,5.0,0
66,5.0,0
98,5.656854249492381,0
36,19,-17,5
187,3.0,0
263,3.605551275463989,0
152,4.123105625617661,0
158,4.123105625617661,0
280,6.324555320336759,0
37,22,-38,5
165,3.0,0
236,3.1622776601683795,0
207,7.0,0
88,7.0710678118654755,0
259,7.280109889280518,0
38,39,-40,7
321,4.0,0
328,4.0,0
222,5.385164807134504,0
52,7.211102550927978,0
309,8.0,0
259,10.0,0
348,8.0,0
39,18,22,6
6,4.123105625617661,0
200,3.1622776601683795,0
113,4.47213595499958,0
320,4.47213595499958,0
252,7.0,0
351,7.280109889280518,0
40,34,9,6
172,3.605551275463989,0
358,3.605551275463989,0
141,4.123105625617661,0
215,4.47213595499958,0
274,5.0,0
54,6.324555320336759,0
41,-26,8,6
22,4.242640687119285,0
373,3.0,0
199,3.1622776601683795,0
227,3.605551275463989,0
311,3.605551275463989,0
324,6.324555320336759,0
42,-46,-25,5
193,3.1622776601683795,0
352,4.123105625617661,0
12,6.4031242374328485,0
279,7.615773105863909,0
249,8.06225774829855,0
43,29,-25,5
3,4.123105625617661,0
232,3.1622776601683795,0
337,4.0,0
366,5.0,0
208,7.0,0
44,-36,-7,5
0,4.0,0
97,3.1622776601683795,0
281,4.0,0
267,5.0,0
289,5.830951894845301,0
45,45,23,6
315,3.0,0
108,3.1622776601683795,0
255,4.242640687119285,0
56,5.0,0
162,5.0,0
192,5.830951894845301,0
46,-31,42,6
353,3.1622776601683795,0
226,4.47213595499958,0
318,5.0,0
176,5.0990195135927845,0
106,5.830951894845301,0
116,6.324555320336759,0
47,11,-21,6
299,3.0,0
363,3.0,0
68,3.1622776601683795,0
361,4.242640687119285,0
158,5.0,0
217,6.082762530298219,0
48,-22,46,7
312,3.0,0
112,3.1622776601683795,0
117,3.605551275463989,0
64,5.0,0
176,5.0,0
106,6.082762530298219,0
228,6.082762530298219,0
49,-48,6,5
271,3.605551275463989,0
332,4.123105625617661,0
291,5.0,0
26,6.708203932499369,0
292,8.246211251235321,0
50,38,-1,5
183,3.0,0
344,3.0,0
290,3.605551275463989,0
89,4.242640687119285,0
203,6.324555320336759,0
51,8,-40,8
13,4.123105625617661,0
20,3.0,0
297,3.1622776601683795,0
219,3.605551275463989,0
137,5.0,0
207,7.280109889280518,0
262,7.0,0
321,27.0,0
52,43,-46,7
32,5.830951894845301,0
38,7.211102550927978,0
222,4.123105625617661,0
309,4.47213595499958,0
328,4.47213595499958,0
288,5.0990195135927845,0
348,7.211102550927978,0
53,-2,-42,5
2,4.123105625617661,0
350,3.1622776601683795,0
190,3.605551275463989,0
295,3.605551275463989,0
241,5.0,0
54,28,11,6
25,6.708203932499369,0
172,3.0,0
234,3.605551275463989,0
107,5.0990195135927845,0
314,6.082762530298219,0
40,6.324555320336759,0
55,-40,-14,6
243,3.1622776601683795,0
267,3.1622776601683795,0
256,4.47213595499958,0
281,5.0,0
245,5.385164807134504,0
334,6.082762530298219,0
56,48,27,5
45,5.0,0
248,3.0,0
210,3.605551275463989,0
315,4.0,0
255,7.0,0
57,-9,-39,6
205,3.605551275463989,0
369,3.605551275463989,0
301,5.0,0
65,5.830951894845301,0
34,6.082762530298219,0
364,6.324555320336759,0
58,-5,-9,8
33,7.0710678118654755,0
35,5.0,0
66,3.1622776601683795,0
186,4.0,0
258,4.0,0
349,4.123105625617661,0
101,4.242640687119285,0
86,5.0,0
59,-11,-48,5
150,3.0,0
65,4.123105625617661,0
268,4.123105625617661,0
301,4.47213595499958,0
224,6.4031242374328485,0
60,40,48,9
17,13.038404810405298,0
276,3.1622776601683795,0
135,4.0,0
266,4.123105625617661,0
247,4.47213595499958,0
85,6.4031242374328485,0
67,7.615773105863909,0
319,8.0,0
331,9.0,0
61,-13,35,5
23,5.0990195135927845,0
330,3.1622776601683795,0
83,5.385164807134504,0
164,5.385164807134504,0
303,7.810249675906654,0
62,16,6,8
148,3.1622776601683795,0
155,4.123105625617661,0
209,4.123105625617661,0
79,4.47213595499958,0
221,4.47213595499958,0
94,5.830951894845301,0
181,5.0,0
285,5.830951894845301,0
63,-40,-44,6
310,3.1622776601683795,0
278,3.605551275463989,0
138,4.123105625617661,0
345,4.123105625617661,0
99,5.385164807134504,0
191,6.4031242374328485,0
64,-18,43,6
48,5.0,0
112,3.0,0
303,3.1622776601683795,0
312,3.1622776601683795,0
283,3.605551275463989,0
228,4.47213595499958,0
65,-12,-44,7
57,5.830951894845301,0
59,4.123105625617661,0
205,3.0,0
301,3.0,0
224,4.0,0
268,4.242640687119285,0
150,5.656854249492381,0
66,-4,-12,8
21,6.4031242374328485,0
35,5.0,0
58,3.1622776601683795,0
86,3.0,0
98,4.123105625617661,0
186,4.242640687119285,0
258,5.830951894845301,0
307,5.656854249492381,0
67,33,45,5
17,6.324555320336759,0
266,3.605551275463989,0
331,3.605551275463989,0
276,6.0,0
60,7.615773105863909,0
68,12,-18,6
47,3.1622776601683795,0
158,3.0,0
280,3.1622776601683795,0
363,3.605551275463989,0
194,6.0,0
299,6.082762530298219,0
69,-9,-3,5
8,6.0,0
33,3.1622776601683795,0
349,3.605551275463989,0
167,4.123105625617661,0
258,6.0,0
70,0,10,5
293,5.0,0
139,8.06225774829855,0
136,13.038404810405298,0
272,16.0,0
118,19.026297590440446,0
71,-4,-48,5
2,5.385164807134504,0
350,3.1622776601683795,0
150,4.0,0
179,5.0,0
190,5.0,0
72,1,27,6
273,3.605551275463989,0
127,5.0990195135927845,0
132,5.0990195135927845,0
316,5.385164807134504,0
354,6.4031242374328485,0
197,7.0710678118654755,0
73,17,48,6
157,4.0,0
333,4.123105625617661,0
211,7.0710678118654755,0
104,7.211102550927978,0
339,7.615773105863909,0
114,10.198039027185569,0
74,34,-18,5
16,3.1622776601683795,0
184,3.605551275463989,0
302,4.0,0
367,5.0,0
151,6.082762530298219,0
75,37,26,6
147,3.1622776601683795,0
126,4.123105625617661,0
162,4.242640687119285,0
173,5.385164807134504,0
370,5.656854249492381,0
192,6.708203932499369,0
76,44,37,6
14,3.605551275463989,0
24,4.123105625617661,0
175,3.1622776601683795,0
244,3.1622776601683795,0
5,5.0,0
329,5.0,0
77,-36,-32,6
7,3.1622776601683795,0
12,5.830951894845301,0
216,3.0,0
338,3.605551275463989,0
100,5.385164807134504,0
242,6.708203932499369,0
78,-8,-20,5
163,4.0,0
307,4.0,0
98,5.0,0
121,5.385164807134504,0
124,7.0710678118654755,0
79,20,4,5
62,4.47213595499958,0
155,3.0,0
326,4.123105625617661,0
209,5.385164807134504,0
314,6.324555320336759,0
80,-18,-38,7
34,3.605551275463989,0
364,3.1622776601683795,0
82,4.0,0
369,6.082762530298219,0
205,6.708203932499369,0
84,11.045361017187261,0
257,8.0,0
81,-45,25,8
1,4.0,0
31,6.708203932499369,0
250,3.0,0
341,3.1622776601683795,0
180,3.605551275463989,0
92,4.242640687119285,0
204,7.280109889280518,0
298,4.242640687119285,0
82,-22,-38,5
80,4.0,0
257,4.0,0
84,7.0710678118654755,0
364,7.0710678118654755,0
369,10.04987562112089,0
83,-18,37,6
23,3.0,0
61,5.385164807134504,0
303,3.1622776601683795,0
283,3.605551275463989,0
125,4.0,0
282,5.0,0
84,-29,-37,5
82,7.0710678118654755,0
257,3.1622776601683795,0
242,4.123105625617661,0
99,9.219544457292887,0
80,11.045361017187261,0
85,45,44,7
14,5.385164807134504,0
24,3.605551275463989,0
60,6.4031242374328485,0
247,3.0,0
270,3.1622776601683795,0
135,4.123105625617661,0
319,5.0,0
86,-1,-12,7
21,4.47213595499958,0
66,3.0,0
186,3.0,0
58,5.0,0
98,5.656854249492381,0
124,7.0,0
143,14.035668847618199,0
87,43,4,6
27,5.830951894845301,0
203,3.1622776601683795,0
336,3.1622776601683795,0
161,3.605551275463989,0
290,3.605551275463989,0
110,4.0,0
88,29,-37,5
37,7.0710678118654755,0
259,3.0,0
165,4.123105625617661,0
236,10.198039027185569,0
207,14.035668847618199,0
89,35,2,5
50,4.242640687119285,0
141,3.0,0
183,3.0,0
344,3.0,0
274,5.0,0
90,16,-4,7
10,5.0,0
119,3.0,0
360,3.0,0
177,3.1622776601683795,0
131,4.123105625617661,0
171,5.385164807134504,0
326,5.0,0
91,-41,46,5
120,4.123105625617661,0
239,5.0990195135927845,0
254,7.280109889280518,0
318,10.04987562112089,0
106,13.038404810405298,0
92,-42,22,5
1,3.1622776601683795,0
81,4.242640687119285,0
341,4.0,0
298,6.0,0
182,6.082762530298219,0
93,-2,46,6
233,3.605551275463989,0
198,4.0,0
347,5.0990195135927845,0
275,6.708203932499369,0
28,9.0,0
114,9.0,0
94,13,11,5
181,3.0,0
148,4.0,0
62,5.830951894845301,0
285,6.0,0
221,7.0710678118654755,0
95,-21,5,8
19,3.605551275463989,0
356,3.1622776601683795,0
373,3.605551275463989,0
199,4.0,0
102,4.123105625617661,0
103,5.830951894845301,0
118,4.47213595499958,0
220,5.830951894845301,0
96,-27,14,6
22,5.0,0
324,3.0,0
122,4.242640687119285,0
225,4.242640687119285,0
227,4.47213595499958,0
142,6.324555320336759,0
97,-39,-6,5
0,4.242640687119285,0
44,3.1622776601683795,0
289,4.0,0
267,5.0,0
281,5.830951894845301,0
98,-5,-16,8
21,6.0,0
35,5.656854249492381,0
66,4.123105625617661,0
78,5.0,0
86,5.656854249492381,0
307,3.0,0
163,4.123105625617661,0
124,5.0,0
99,-38,-39,10
7,4.123105625617661,0
63,5.385164807134504,0
84,9.219544457292887,0
278,3.1622776601683795,0
365,3.1622776601683795,0
310,3.605551275463989,0
214,5.0,0
138,6.324555320336759,0
242,5.0990195135927845,0
338,5.656854249492381,0
100,-38,-27,7
12,3.605551275463989,0
77,5.385164807134504,0
352,4.123105625617661,0
237,4.242640687119285,0
133,5.0,0
146,5.0,0
340,5.0,0
101,-2,-6,6
8,3.1622776601683795,0
33,5.656854249492381,0
58,4.242640687119285,0
186,3.1622776601683795,0
349,4.123105625617661,0
238,4.242640687119285,0
102,-17,6,7
95,4.123105625617661,0
359,3.0,0
118,3.605551275463989,0
220,4.123105625617661,0
272,4.123105625617661,0
136,5.0,0
356,5.0,0
103,-26,2,5
19,3.0,0
199,3.1622776601683795,0
130,4.123105625617661,0
311,5.0,0
95,5.830951894845301,0
104,11,44,6
73,7.211102550927978,0
333,3.605551275463989,0
105,4.0,0
339,4.242640687119285,0
157,6.0,0
154,7.0710678118654755,0
105,11,40,7
15,6.082762530298219,0
104,4.0,0
154,3.1622776601683795,0
339,3.1622776601683795,0
149,6.082762530298219,0
265,10.0,0
305,6.4031242374328485,0
106,-28,47,10
46,5.830951894845301,0
91,13.038404810405298,0
318,3.0,0
117,3.1622776601683795,0
176,4.47213595499958,0
48,6.082762530298219,0
120,9.0,0
239,18.0,0
254,6.082762530298219,0
296,8.54400374531753,0
107,29,6,5
25,4.123105625617661,0
54,5.0990195135927845,0
358,3.0,0
234,5.0,0
172,5.385164807134504,0
108,44,20,7
45,3.1622776601683795,0
192,4.0,0
255,4.0,0
162,5.0,0
315,5.0,0
230,5.656854249492381,0
327,5.0990195135927845,0
109,39,-26,5
212,3.605551275463989,0
264,4.0,0
366,6.324555320336759,0
287,9.055385138137417,0
232,9.219544457292887,0
110,47,4,5
27,3.1622776601683795,0
87,4.0,0
203,4.242640687119285,0
336,4.242640687119285,0
251,5.0990195135927845,0
111,44,10,6
336,3.0,0
246,3.605551275463989,0
251,4.123105625617661,0
161,4.242640687119285,0
327,5.0990195135927845,0
215,6.082762530298219,0
112,-21,43,8
48,3.1622776601683795,0
64,3.0,0
144,3.605551275463989,0
303,3.605551275463989,0
312,3.605551275463989,0
176,5.0,0
228,6.4031242374328485,0
283,5.830951894845301,0
113,14,20,6
6,3.0,0
39,4.47213595499958,0
351,3.0,0
374,4.242640687119285,0
200,7.615773105863909,0
320,8.0,0
114,7,46,5
211,3.1622776601683795,0
347,4.123105625617661,0
333,6.082762530298219,0
93,9.0,0
73,10.198039027185569,0
115,-23,22,6
11,7.0,0
261,3.1622776601683795,0
140,4.47213595499958,0
122,5.0990195135927845,0
142,6.324555320336759,0
371,7.0710678118654755,0
116,-29,36,5
353,3.1622776601683795,0
218,3.605551275463989,0
343,4.123105625617661,0
226,4.47213595499958,0
46,6.324555320336759,0
117,-25,48,5
48,3.605551275463989,0
106,3.1622776601683795,0
176,5.0990195135927845,0
318,6.082762530298219,0
312,6.324555320336759,0
118,-19,9,6
22,4.47213595499958,0
70,19.026297590440446,0
102,3.605551275463989,0
272,3.1622776601683795,0
373,4.123105625617661,0
95,4.47213595499958,0
119,16,-1,7
90,3.0,0
209,3.1622776601683795,0
326,3.1622776601683795,0
177,5.0,0
171,5.0990195135927845,0
131,5.656854249492381,0
346,5.385164807134504,0
120,-37,47,6
91,4.123105625617661,0
254,3.1622776601683795,0
296,3.1622776601683795,0
318,6.0,0
106,9.0,0
239,9.0,0
121,-13,-22,7
78,5.385164807134504,0
260,3.0,0
202,3.1622776601683795,0
269,4.123105625617661,0
195,6.082762530298219,0
178,6.4031242374328485,0
372,7.211102550927978,0
122,-24,17,7
96,4.242640687119285,0
115,5.0990195135927845,0
324,3.0,0
142,5.830951894845301,0
225,6.0,0
261,6.324555320336759,0
371,8.48528137423857,0
123,-34,3,5
168,3.1622776601683795,0
130,4.0,0
223,4.123105625617661,0
206,4.47213595499958,0
145,5.830951894845301,0
124,-1,-19,5
21,3.605551275463989,0
78,7.0710678118654755,0
98,5.0,0
163,3.1622776601683795,0
86,7.0,0
125,-22,37,7
23,5.0,0
83,4.0,0
282,3.0,0
343,3.0,0
144,3.1622776601683795,0
303,4.242640687119285,0
218,5.0,0
126,38,30,5
5,4.242640687119285,0
75,4.123105625617661,0
169,3.0,0
370,3.0,0
147,3.605551275463989,0
127,-4,28,6
72,5.0990195135927845,0
316,3.0,0
354,3.0,0
273,3.605551275463989,0
197,6.0,0
132,7.211102550927978,0
128,20,-28,5
3,5.385164807134504,0
240,3.0,0
342,3.605551275463989,0
284,5.830951894845301,0
361,7.211102550927978,0
129,40,-15,4
9,5.0990195135927845,0
368,3.0,0
151,5.830951894845301,0
213,8.06225774829855,0
130,-30,3,5
103,4.123105625617661,0
123,4.0,0
311,3.1622776601683795,0
223,5.0,0
199,5.385164807134504,0
131,12,-5,6
10,3.1622776601683795,0
90,4.123105625617661,0
171,3.1622776601683795,0
360,4.47213595499958,0
119,5.656854249492381,0
346,6.082762530298219,0
132,0,22,5
72,5.0990195135927845,0
197,4.0,0
316,5.0,0
127,7.211102550927978,0
170,8.0,0
133,-41,-23,5
100,5.0,0
334,3.0,0
146,3.1622776601683795,0
352,3.1622776601683795,0
245,5.0,0
134,17,-10,6
10,4.47213595499958,0
159,3.1622776601683795,0
360,3.1622776601683795,0
263,4.0,0
152,4.242640687119285,0
194,5.385164807134504,0
135,44,48,5
60,4.0,0
85,4.123105625617661,0
319,4.0,0
247,4.47213595499958,0
276,5.830951894845301,0
136,-13,9,7
70,13.038404810405298,0
272,3.1622776601683795,0
355,3.1622776601683795,0
359,3.1622776601683795,0
102,5.0,0
139,5.385164807134504,0
293,8.06225774829855,0
137,4,-43,8
13,3.1622776601683795,0
30,5.0990195135927845,0
51,5.0,0
190,4.47213595499958,0
219,5.0990195135927845,0
179,5.830951894845301,0
241,5.830951894845301,0
262,5.656854249492381,0
138,-36,-45,5
63,4.123105625617661,0
191,3.1622776601683795,0
278,3.1622776601683795,0
345,4.242640687119285,0
99,6.324555320336759,0
139,-8,11,6
70,8.06225774829855,0
136,5.385164807134504,0
293,3.1622776601683795,0
355,3.605551275463989,0
286,6.0,0
359,7.810249675906654,0
140,-19,20,5
11,3.605551275463989,0
18,6.708203932499369,0
115,4.47213595499958,0
188,6.0,0
261,7.615773105863909,0
141,35,5,7
40,4.123105625617661,0
89,3.0,0
274,3.1622776601683795,0
358,3.1622776601683795,0
183,4.242640687119285,0
215,6.708203932499369,0
344,6.0,0
142,-29,20,6
115,6.324555320336759,0
122,5.830951894845301,0
225,3.1622776601683795,0
371,3.1622776601683795,0
261,4.242640687119285,0
96,6.324555320336759,0
143,0,-26,4
21,10.04987562112089,0
86,14.035668847618199,0
186,17.029386365926403,0
238,23.021728866442675,0
144,-23,40,6
112,3.605551275463989,0
125,3.1622776601683795,0
343,3.605551275463989,0
226,4.0,0
303,4.0,0
176,4.242640687119285,0
145,-37,8,8
123,5.830951894845301,0
292,3.0,0
168,4.0,0
166,4.123105625617661,0
223,4.123105625617661,0
201,5.0,0
294,5.656854249492381,0
300,5.656854249492381,0
146,-38,-22,7
100,5.0,0
133,3.1622776601683795,0
245,3.0,0
237,3.605551275463989,0
334,3.605551275463989,0
304,4.47213595499958,0
243,5.830951894845301,0
147,40,27,5
75,3.1622776601683795,0
126,3.605551275463989,0
370,3.1622776601683795,0
162,4.0,0
210,5.385164807134504,0
148,13,7,5
62,3.1622776601683795,0
94,4.0,0
221,3.1622776601683795,0
181,5.0,0
209,5.385164807134504,0
149,17,39,5
105,6.082762530298219,0
305,3.1622776601683795,0
339,3.605551275463989,0
157,5.0,0
154,5.385164807134504,0
150,-8,-48,5
59,3.0,0
71,4.0,0
301,4.123105625617661,0
2,5.385164807134504,0
65,5.656854249492381,0
151,35,-12,6
9,10.198039027185569,0
74,6.082762530298219,0
129,5.830951894845301,0
184,4.47213595499958,0
368,5.0,0
16,7.280109889280518,0
152,20,-13,5
36,4.123105625617661,0
134,4.242640687119285,0
263,3.1622776601683795,0
159,4.0,0
158,7.0710678118654755,0
153,-44,34,5
31,3.605551275463989,0
204,3.605551275463989,0
250,6.082762530298219,0
180,8.06225774829855,0
341,8.246211251235321,0
154,12,37,8
15,3.0,0
104,7.0710678118654755,0
105,3.1622776601683795,0
149,5.385164807134504,0
305,4.123105625617661,0
339,4.47213595499958,0
156,11.0,0
265,7.0710678118654755,0
155,20,7,7
25,5.385164807134504,0
62,4.123105625617661,0
79,3.0,0
314,3.605551275463989,0
285,4.123105625617661,0
181,5.656854249492381,0
234,5.385164807134504,0
156,12,26,5
15,8.0,0
374,3.1622776601683795,0
265,4.123105625617661,0
351,6.082762530298219,0
154,11.0,0
157,17,44,6
73,4.0,0
104,6.0,0
149,5.0,0
339,4.242640687119285,0
333,5.0,0
305,8.06225774829855,0
158,15,-18,8
36,4.123105625617661,0
47,5.0,0
68,3.0,0
152,7.0710678118654755,0
363,3.1622776601683795,0
280,3.605551275463989,0
187,4.47213595499958,0
263,4.47213595499958,0
159,20,-9,5
134,3.1622776601683795,0
152,4.0,0
177,4.123105625617661,0
360,4.47213595499958,0
263,5.830951894845301,0
160,39,39,5
24,4.47213595499958,0
174,3.1622776601683795,0
313,3.1622776601683795,0
244,3.605551275463989,0
376,5.0,0
161,41,7,5
87,3.605551275463989,0
111,4.242640687119285,0
336,3.0,0
274,3.1622776601683795,0
215,5.0,0
162,40,23,7
45,5.0,0
75,4.242640687119285,0
108,5.0,0
147,4.0,0
192,3.0,0
173,5.385164807134504,0
317,8.0,0
163,-4,-20,5
21,6.4031242374328485,0
78,4.0,0
98,4.123105625617661,0
124,3.1622776601683795,0
307,5.656854249492381,0
164,-8,37,5
61,5.385164807134504,0
322,3.0,0
330,3.605551275463989,0
253,4.242640687119285,0
28,6.0,0
165,25,-38,5
37,3.0,0
88,4.123105625617661,0
259,4.47213595499958,0
236,6.082762530298219,0
207,10.0,0
166,-38,12,5
145,4.123105625617661,0
294,3.0,0
292,4.47213595499958,0
201,5.0990195135927845,0
26,7.0,0
167,-8,1,5
4,3.605551275463989,0
69,4.123105625617661,0
286,4.0,0
355,7.280109889280518,0
359,7.810249675906654,0
168,-37,4,8
123,3.1622776601683795,0
145,4.0,0
206,3.1622776601683795,0
300,4.0,0
223,5.0,0
277,5.0,0
292,5.0,0
332,7.0710678118654755,0
169,38,33,5
5,3.0,0
126,3.0,0
174,3.0,0
244,4.242640687119285,0
370,4.242640687119285,0
170,-8,22,5
11,8.0,0
18,5.0990195135927845,0
132,8.0,0
197,4.0,0
188,5.385164807134504,0
171,11,-2,6
119,5.0990195135927845,0
131,3.1622776601683795,0
346,3.0,0
90,5.385164807134504,0
209,5.656854249492381,0
221,6.082762530298219,0
172,31,11,5
40,3.605551275463989,0
54,3.0,0
107,5.385164807134504,0
358,5.0990195135927845,0
234,6.324555320336759,0
173,35,21,5
75,5.385164807134504,0
317,3.605551275463989,0
192,5.0990195135927845,0
162,5.385164807134504,0
189,6.082762530298219,0
174,38,36,5
160,3.1622776601683795,0
169,3.0,0
244,3.0,0
5,4.242640687119285,0
313,4.47213595499958,0
175,45,34,6
5,4.123105625617661,0
76,3.1622776601683795,0
329,3.0,0
244,4.47213595499958,0
210,5.0,0
248,5.0,0
176,-26,43,9
46,5.0990195135927845,0
48,5.0,0
106,4.47213595499958,0
117,5.0990195135927845,0
226,3.1622776601683795,0
144,4.242640687119285,0
112,5.0,0
296,10.04987562112089,0
353,5.656854249492381,0
177,19,-5,5
90,3.1622776601683795,0
119,5.0,0
159,4.123105625617661,0
360,3.605551275463989,0
326,5.0,0
178,-18,-26,5
362,3.605551275463989,0
202,4.123105625617661,0
260,4.47213595499958,0
195,6.324555320336759,0
121,6.4031242374328485,0
179,1,-48,6
30,4.0,0
71,5.0,0
190,3.1622776601683795,0
350,5.0,0
137,5.830951894845301,0
262,7.0710678118654755,0
180,-48,27,6
81,3.605551275463989,0
153,8.06225774829855,0
250,3.1622776601683795,0
298,5.0,0
204,5.0990195135927845,0
341,6.082762530298219,0
181,16,11,5
94,3.0,0
148,5.0,0
285,3.0,0
62,5.0,0
155,5.656854249492381,0
182,-43,16,6
1,5.385164807134504,0
26,4.47213595499958,0
92,6.082762530298219,0
306,3.1622776601683795,0
294,4.47213595499958,0
231,5.385164807134504,0
183,38,2,6
50,3.0,0
89,3.0,0
141,4.242640687119285,0
290,3.1622776601683795,0
274,4.0,0
344,4.242640687119285,0
184,37,-16,5
16,3.0,0
74,3.605551275463989,0
151,4.47213595499958,0
368,5.0,0
367,6.0,0
185,46,-19,3
196,5.0,0
213,5.385164807134504,0
287,8.246211251235321,0
186,-1,-9,7
58,4.0,0
66,4.242640687119285,0
86,3.0,0
101,3.1622776601683795,0
143,17.029386365926403,0
8,6.324555320336759,0
238,6.324555320336759,0
187,19,-20,5
36,3.0,0
158,4.47213595499958,0
284,3.605551275463989,0
240,5.0990195135927845,0
363,5.0990195135927845,0
188,-13,20,5
11,3.605551275463989,0
18,3.0,0
140,6.0,0
170,5.385164807134504,0
197,9.219544457292887,0
189,29,22,5
173,6.082762530298219,0
317,3.1622776601683795,0
252,4.0,0
320,7.280109889280518,0
200,8.06225774829855,0
190,0,-45,8
30,5.830951894845301,0
53,3.605551275463989,0
71,5.0,0
137,4.47213595499958,0
179,3.1622776601683795,0
350,3.0,0
241,7.0710678118654755,0
295,7.0710678118654755,0
191,-35,-48,5
138,3.1622776601683795,0
345,4.0,0
278,6.324555320336759,0
63,6.4031242374328485,0
325,9.0,0
192,40,20,6
108,4.0,0
162,3.0,0
173,5.0990195135927845,0
45,5.830951894845301,0
75,6.708203932499369,0
317,8.54400374531753,0
193,-47,-28,6
42,3.1622776601683795,0
249,5.0,0
352,5.385164807134504,0
279,5.656854249492381,0
12,6.082762530298219,0
235,8.06225774829855,0
194,12,-12,5
10,4.123105625617661,0
68,6.0,0
280,3.1622776601683795,0
134,5.385164807134504,0
263,5.385164807134504,0
195,-12,-28,6
121,6.082762530298219,0
178,6.324555320336759,0
362,3.0,0
372,3.0,0
202,3.605551275463989,0
269,5.830951894845301,0
196,46,-24,3
185,5.0,0
287,3.605551275463989,0
213,10.198039027185569,0
197,-4,22,7
18,9.055385138137417,0
127,6.0,0
132,4.0,0
170,4.0,0
188,9.219544457292887,0
316,3.0,0
72,7.0710678118654755,0
198,-2,42,6
93,4.0,0
233,3.605551275463989,0
275,3.605551275463989,0
28,5.0,0
323,5.830951894845301,0
347,7.0710678118654755,0
199,-25,5,8
19,3.605551275463989,0
41,3.1622776601683795,0
95,4.0,0
103,3.1622776601683795,0
130,5.385164807134504,0
373,3.605551275463989,0
311,4.123105625617661,0
356,5.830951894845301,0
200,21,23,6
6,7.0,0
39,3.1622776601683795,0
113,7.615773105863909,0
189,8.06225774829855,0
320,3.1622776601683795,0
252,4.123105625617661,0
201,-33,11,5
145,5.0,0
166,5.0990195135927845,0
223,4.0,0
227,4.123105625617661,0
311,6.4031242374328485,0
202,-14,-25,7
121,3.1622776601683795,0
178,4.123105625617661,0
195,3.605551275463989,0
362,3.1622776601683795,0
260,3.605551275463989,0
269,5.385164807134504,0
372,5.830951894845301,0
203,44,1,6
27,4.0,0
50,6.324555320336759,0
87,3.1622776601683795,0
110,4.242640687119285,0
290,3.0,0
336,6.0,0
204,-47,32,5
31,5.0990195135927845,0
153,3.605551275463989,0
180,5.0990195135927845,0
250,4.47213595499958,0
81,7.280109889280518,0
205,-12,-41,9
34,3.1622776601683795,0
57,3.605551275463989,0
65,3.0,0
80,6.708203932499369,0
369,4.0,0
301,4.242640687119285,0
224,5.0,0
268,6.708203932499369,0
364,5.0,0
206,-38,1,6
0,4.47213595499958,0
123,4.47213595499958,0
168,3.1622776601683795,0
277,3.0,0
289,3.1622776601683795,0
300,4.242640687119285,0
207,15,-38,7
20,7.0710678118654755,0
37,7.0,0
88,14.035668847618199,0
165,10.0,0
236,4.123105625617661,0
297,4.123105625617661,0
51,7.280109889280518,0
208,36,-25,7
16,6.082762530298219,0
43,7.0,0
212,3.0,0
337,3.0,0
367,3.1622776601683795,0
302,3.605551275463989,0
366,4.242640687119285,0
209,15,2,8
62,4.123105625617661,0
79,5.385164807134504,0
119,3.1622776601683795,0
148,5.385164807134504,0
171,5.656854249492381,0
221,3.605551275463989,0
346,4.123105625617661,0
326,4.47213595499958,0
210,45,29,7
56,3.605551275463989,0
147,5.385164807134504,0
175,5.0,0
248,3.1622776601683795,0
370,4.123105625617661,0
315,6.708203932499369,0
329,5.830951894845301,0
211,10,47,5
73,7.0710678118654755,0
114,3.1622776601683795,0
333,3.0,0
347,7.0,0
339,7.211102550927978,0
212,36,-28,7
109,3.605551275463989,0
208,3.0,0
366,3.0,0
337,4.242640687119285,0
232,6.0,0
264,7.280109889280518,0
287,12.041594578792296,0
213,48,-14,5
9,3.0,0
129,8.06225774829855,0
185,5.385164807134504,0
196,10.198039027185569,0
368,8.246211251235321,0
214,-41,-35,9
7,4.0,0
99,5.0,0
365,3.0,0
216,3.605551275463989,0
279,3.605551275463989,0
235,5.0990195135927845,0
249,6.324555320336759,0
310,6.0,0
338,7.0,0
215,38,11,5
40,4.47213595499958,0
161,5.0,0
274,5.0,0
111,6.082762530298219,0
141,6.708203932499369,0
216,-39,-32,7
7,3.605551275463989,0
12,3.605551275463989,0
77,3.0,0
214,3.605551275463989,0
279,4.0,0
235,8.06225774829855,0
338,5.830951894845301,0
217,12,-27,5
299,3.1622776601683795,0
361,3.605551275463989,0
342,5.0990195135927845,0
47,6.082762530298219,0
363,6.324555320336759,0
218,-26,34,5
116,3.605551275463989,0
343,3.1622776601683795,0
282,4.0,0
125,5.0,0
226,6.082762530298219,0
219,5,-38,6
13,6.324555320336759,0
20,3.1622776601683795,0
51,3.605551275463989,0
137,5.0990195135927845,0
241,4.0,0
297,6.082762530298219,0
220,-16,2,5
4,5.0990195135927845,0
102,4.123105625617661,0
356,4.0,0
359,4.47213595499958,0
95,5.830951894845301,0
221,12,4,6
62,4.47213595499958,0
94,7.0710678118654755,0
148,3.1622776601683795,0
209,3.605551275463989,0
346,3.1622776601683795,0
171,6.082762530298219,0
222,44,-42,7
32,4.123105625617661,0
38,5.385164807134504,0
52,4.123105625617661,0
348,3.605551275463989,0
328,5.385164807134504,0
288,6.4031242374328485,0
309,7.810249675906654,0
223,-33,7,7
123,4.123105625617661,0
130,5.0,0
145,4.123105625617661,0
168,5.0,0
201,4.0,0
311,4.123105625617661,0
227,5.0,0
224,-16,-44,5
34,4.123105625617661,0
59,6.4031242374328485,0
65,4.0,0
268,3.1622776601683795,0
205,5.0,0
225,-30,17,6
96,4.242640687119285,0
122,6.0,0
142,3.1622776601683795,0
371,6.0,0
324,6.708203932499369,0
261,7.211102550927978,0
226,-27,40,7
46,4.47213595499958,0
116,4.47213595499958,0
144,4.0,0
176,3.1622776601683795,0
218,6.082762530298219,0
353,3.1622776601683795,0
343,3.605551275463989,0
227,-29,10,5
41,3.605551275463989,0
96,4.47213595499958,0
201,4.123105625617661,0
311,4.0,0
223,5.0,0
228,-16,47,5
64,4.47213595499958,0
312,3.1622776601683795,0
48,6.082762530298219,0
112,6.4031242374328485,0
283,7.0,0
229,-30,-26,6
29,3.1622776601683795,0
340,3.1622776601683795,0
375,3.605551275463989,0
237,5.385164807134504,0
335,6.082762530298219,0
357,6.324555320336759,0
230,48,16,5
246,3.605551275463989,0
255,4.0,0
327,5.0990195135927845,0
108,5.656854249492381,0
251,7.0,0
231,-48,18,6
1,4.242640687119285,0
182,5.385164807134504,0
306,3.605551275463989,0
298,4.0,0
26,6.708203932499369,0
291,7.0,0
232,30,-28,7
3,5.385164807134504,0
43,3.1622776601683795,0
109,9.219544457292887,0
212,6.0,0
366,3.0,0
337,4.242640687119285,0
264,13.152946437965905,0
233,1,44,5
93,3.605551275463989,0
198,3.605551275463989,0
275,4.0,0
323,7.0,0
28,7.615773105863909,0
234,25,9,6
25,4.0,0
54,3.605551275463989,0
107,5.0,0
172,6.324555320336759,0
314,3.1622776601683795,0
155,5.385164807134504,0
235,-46,-36,5
249,3.1622776601683795,0
279,5.0,0
214,5.0990195135927845,0
193,8.06225774829855,0
216,8.06225774829855,0
236,19,-39,6
37,3.1622776601683795,0
88,10.198039027185569,0
165,6.082762530298219,0
207,4.123105625617661,0
297,8.0,0
259,10.04987562112089,0
237,-35,-24,7
100,4.242640687119285,0
146,3.605551275463989,0
229,5.385164807134504,0
375,3.1622776601683795,0
340,3.605551275463989,0
304,4.123105625617661,0
335,5.656854249492381,0
238,1,-3,6
8,4.0,0
101,4.242640687119285,0
143,23.021728866442675,0
186,6.324555320336759,0
33,7.0710678118654755,0
349,7.280109889280518,0
239,-46,47,5
91,5.0990195135927845,0
120,9.0,0
254,12.041594578792296,0
318,15.0,0
106,18.0,0
240,20,-25,5
3,5.0990195135927845,0
128,3.0,0
187,5.0990195135927845,0
342,3.1622776601683795,0
284,3.605551275463989,0
241,1,-38,5
53,5.0,0
219,4.0,0
137,5.830951894845301,0
20,7.0710678118654755,0
190,7.0710678118654755,0
242,-33,-38,6
84,4.123105625617661,0
7,5.0,0
99,5.0990195135927845,0
278,5.656854249492381,0
77,6.708203932499369,0
257,7.0,0
243,-41,-17,5
55,3.1622776601683795,0
334,3.0,0
245,3.605551275463989,0
256,5.0990195135927845,0
146,5.830951894845301,0
244,41,36,7
5,3.0,0
76,3.1622776601683795,0
160,3.605551275463989,0
169,4.242640687119285,0
174,3.0,0
175,4.47213595499958,0
313,6.4031242374328485,0
245,-38,-19,7
55,5.385164807134504,0
133,5.0,0
146,3.0,0
243,3.605551275463989,0
334,3.1622776601683795,0
256,3.605551275463989,0
304,4.123105625617661,0
246,46,13,5
111,3.605551275463989,0
230,3.605551275463989,0
327,3.605551275463989,0
251,4.47213595499958,0
336,6.324555320336759,0
247,42,44,8
24,3.1622776601683795,0
60,4.47213595499958,0
85,3.0,0
135,4.47213595499958,0
276,3.1622776601683795,0
270,6.082762530298219,0
319,7.211102550927978,0
376,6.082762530298219,0
248,48,30,5
56,3.0,0
210,3.1622776601683795,0
329,4.0,0
175,5.0,0
315,7.0,0
249,-47,-33,6
42,8.06225774829855,0
193,5.0,0
235,3.1622776601683795,0
279,4.123105625617661,0
214,6.324555320336759,0
12,7.211102550927978,0
250,-45,28,6
31,4.242640687119285,0
81,3.0,0
153,6.082762530298219,0
180,3.1622776601683795,0
204,4.47213595499958,0
341,3.605551275463989,0
251,48,9,5
110,5.0990195135927845,0
111,4.123105625617661,0
230,7.0,0
246,4.47213595499958,0
336,4.47213595499958,0
252,25,22,5
39,7.0,0
189,4.0,0
200,4.123105625617661,0
320,3.605551275463989,0
317,7.0710678118654755,0
253,-5,34,7
28,4.242640687119285,0
164,4.242640687119285,0
322,3.0,0
354,3.1622776601683795,0
308,4.0,0
273,5.656854249492381,0
330,5.0,0
254,-34,48,6
91,7.280109889280518,0
120,3.1622776601683795,0
239,12.041594578792296,0
318,3.1622776601683795,0
296,4.47213595499958,0
106,6.082762530298219,0
255,48,20,6
45,4.242640687119285,0
56,7.0,0
108,4.0,0
230,4.0,0
315,3.0,0
327,7.0710678118654755,0
256,-36,-16,5
55,4.47213595499958,0
243,5.0990195135927845,0
245,3.605551275463989,0
281,5.0,0
267,5.830951894845301,0
257,-26,-38,5
82,4.0,0
84,3.1622776601683795,0
242,7.0,0
80,8.0,0
364,11.045361017187261,0
258,-9,-9,5
35,3.0,0
58,4.0,0
69,6.0,0
349,5.0,0
66,5.830951894845301,0
259,29,-40,6
37,7.280109889280518,0
88,3.0,0
165,4.47213595499958,0
236,10.04987562112089,0
321,6.0,0
38,10.0,0
260,-16,-22,5
121,3.0,0
178,4.47213595499958,0
202,3.605551275463989,0
362,6.082762530298219,0
269,7.0710678118654755,0
261,-26,23,6
115,3.1622776601683795,0
140,7.615773105863909,0
142,4.242640687119285,0
371,4.0,0
122,6.324555320336759,0
225,7.211102550927978,0
262,8,-47,5
13,3.1622776601683795,0
30,3.1622776601683795,0
137,5.656854249492381,0
51,7.0,0
179,7.0710678118654755,0
263,17,-14,7
36,3.605551275463989,0
134,4.0,0
152,3.1622776601683795,0
159,5.830951894845301,0
194,5.385164807134504,0
280,4.123105625617661,0
158,4.47213595499958,0
264,43,-26,5
109,4.0,0
287,5.0990195135927845,0
212,7.280109889280518,0
366,10.198039027185569,0
232,13.152946437965905,0
265,11,30,5
15,4.123105625617661,0
156,4.123105625617661,0
374,7.0,0
154,7.0710678118654755,0
105,10.0,0
266,36,47,6
17,9.0,0
60,4.123105625617661,0
67,3.605551275463989,0
276,3.605551275463989,0
376,4.0,0
331,5.0990195135927845,0
267,-39,-11,5
44,5.0,0
55,3.1622776601683795,0
97,5.0,0
256,5.830951894845301,0
281,3.0,0
268,-15,-47,5
59,4.123105625617661,0
65,4.242640687119285,0
224,3.1622776601683795,0
205,6.708203932499369,0
301,6.708203932499369,0
269,-9,-23,5
121,4.123105625617661,0
195,5.830951894845301,0
260,7.0710678118654755,0
372,5.0,0
202,5.385164807134504,0
270,48,43,5
14,4.123105625617661,0
85,3.1622776601683795,0
319,5.0,0
24,5.385164807134504,0
247,6.082762530298219,0
271,-45,8,5
26,4.0,0
49,3.605551275463989,0
332,3.1622776601683795,0
291,4.242640687119285,0
292,5.0,0
272,-16,10,6
70,16.0,0
102,4.123105625617661,0
118,3.1622776601683795,0
136,3.1622776601683795,0
359,4.47213595499958,0
355,6.324555320336759,0
273,-1,30,6
72,3.605551275463989,0
127,3.605551275463989,0
354,3.1622776601683795,0
308,4.0,0
253,5.656854249492381,0
316,5.830951894845301,0
274,38,6,8
40,5.0,0
89,5.0,0
141,3.1622776601683795,0
161,3.1622776601683795,0
183,4.0,0
215,5.0,0
290,5.830951894845301,0
358,6.0,0
275,1,40,6
28,4.242640687119285,0
93,6.708203932499369,0
198,3.605551275463989,0
233,4.0,0
323,3.0,0
308,6.324555320336759,0
276,39,45,10
17,12.165525060596439,0
60,3.1622776601683795,0
67,6.0,0
135,5.830951894845301,0
247,3.1622776601683795,0
266,3.605551275463989,0
376,3.605551275463989,0
24,5.656854249492381,0
313,5.830951894845301,0
331,8.54400374531753,0
277,-41,1,5
0,6.4031242374328485,0
206,3.0,0
300,3.0,0
289,3.605551275463989,0
168,5.0,0
278,-37,-42,8
63,3.605551275463989,0
99,3.1622776601683795,0
138,3.1622776601683795,0
191,6.324555320336759,0
242,5.656854249492381,0
310,4.123105625617661,0
345,6.324555320336759,0
365,5.656854249492381,0
279,-43,-32,7
12,3.605551275463989,0
42,7.615773105863909,0
193,5.656854249492381,0
214,3.605551275463989,0
216,4.0,0
235,5.0,0
249,4.123105625617661,0
280,13,-15,6
36,6.324555320336759,0
68,3.1622776601683795,0
158,3.605551275463989,0
194,3.1622776601683795,0
263,4.123105625617661,0
363,6.082762530298219,0
281,-36,-11,5
44,4.0,0
55,5.0,0
97,5.830951894845301,0
256,5.0,0
267,3.0,0
282,-22,34,5
23,4.0,0
83,5.0,0
125,3.0,0
218,4.0,0
343,4.242640687119285,0
283,-16,40,6
64,3.605551275463989,0
83,3.605551275463989,0
228,7.0,0
303,3.0,0
112,5.830951894845301,0
23,6.324555320336759,0
284,17,-23,6
128,5.830951894845301,0
187,3.605551275463989,0
240,3.605551275463989,0
342,3.0,0
361,3.1622776601683795,0
363,3.605551275463989,0
285,19,11,5
94,6.0,0
155,4.123105625617661,0
181,3.0,0
314,3.1622776601683795,0
62,5.830951894845301,0
286,-8,5,5
4,3.605551275463989,0
139,6.0,0
167,4.0,0
355,3.605551275463989,0
359,6.082762530298219,0
287,48,-27,5
109,9.055385138137417,0
185,8.246211251235321,0
196,3.605551275463989,0
264,5.0990195135927845,0
212,12.041594578792296,0
288,48,-47,5
32,4.0,0
52,5.0990195135927845,0
222,6.4031242374328485,0
348,7.0710678118654755,0
309,9.055385138137417,0
289,-39,-2,5
0,3.1622776601683795,0
44,5.830951894845301,0
97,4.0,0
206,3.1622776601683795,0
277,3.605551275463989,0
290,41,1,7
27,7.0,0
50,3.605551275463989,0
87,3.605551275463989,0
183,3.1622776601683795,0
203,3.0,0
274,5.830951894845301,0
344,6.324555320336759,0
291,-48,11,5
26,3.1622776601683795,0
49,5.0,0
271,4.242640687119285,0
306,4.47213595499958,0
231,7.0,0
292,-40,8,8
49,8.246211251235321,0
145,3.0,0
166,4.47213595499958,0
271,5.0,0
294,4.123105625617661,0
300,4.123105625617661,0
168,5.0,0
332,5.0,0
293,-5,10,5
70,5.0,0
139,3.1622776601683795,0
355,5.385164807134504,0
136,8.06225774829855,0
359,9.848857801796104,0
294,-41,12,6
26,4.0,0
166,3.0,0
182,4.47213595499958,0
292,4.123105625617661,0
145,5.656854249492381,0
306,5.830951894845301,0
295,-5,-40,5
2,3.1622776601683795,0
53,3.605551275463989,0
350,5.385164807134504,0
301,5.656854249492381,0
190,7.0710678118654755,0
296,-36,44,5
120,3.1622776601683795,0
254,4.47213595499958,0
318,5.830951894845301,0
106,8.54400374531753,0
176,10.04987562112089,0
297,11,-39,6
20,3.605551275463989,0
51,3.1622776601683795,0
207,4.123105625617661,0
219,6.082762530298219,0
236,8.0,0
321,24.020824298928627,0
298,-48,22,5
1,3.1622776601683795,0
92,6.0,0
180,5.0,0
231,4.0,0
81,4.242640687119285,0
299,11,-24,5
47,3.0,0
217,3.1622776601683795,0
361,3.0,0
363,4.242640687119285,0
68,6.082762530298219,0
300,-41,4,5
168,4.0,0
206,4.242640687119285,0
277,3.0,0
292,4.123105625617661,0
145,5.656854249492381,0
301,-9,-44,8
2,3.1622776601683795,0
57,5.0,0
59,4.47213595499958,0
65,3.0,0
150,4.123105625617661,0
205,4.242640687119285,0
268,6.708203932499369,0
295,5.656854249492381,0
302,34,-22,5
16,4.242640687119285,0
74,4.0,0
208,3.605551275463989,0
367,3.0,0
366,6.082762530298219,0
303,-19,40,9
23,6.082762530298219,0
61,7.810249675906654,0
64,3.1622776601683795,0
83,3.1622776601683795,0
112,3.605551275463989,0
125,4.242640687119285,0
144,4.0,0
283,3.0,0
312,6.0,0
304,-34,-20,6
146,4.47213595499958,0
237,4.123105625617661,0
245,4.123105625617661,0
335,3.0,0
375,3.605551275463989,0
357,6.0,0
305,16,36,5
149,3.1622776601683795,0
154,4.123105625617661,0
339,5.385164807134504,0
105,6.4031242374328485,0
157,8.06225774829855,0
306,-46,15,5
26,3.1622776601683795,0
182,3.1622776601683795,0
231,3.605551275463989,0
291,4.47213595499958,0
294,5.830951894845301,0
307,-8,-16,5
35,4.123105625617661,0
78,4.0,0
98,3.0,0
163,5.656854249492381,0
66,5.656854249492381,0
308,-1,34,7
28,3.1622776601683795,0
253,4.0,0
273,4.0,0
275,6.324555320336759,0
323,3.605551275463989,0
354,4.242640687119285,0
322,5.0,0
309,39,-48,5
38,8.0,0
52,4.47213595499958,0
288,9.055385138137417,0
328,4.0,0
222,7.810249675906654,0
310,-41,-41,5
63,3.1622776601683795,0
99,3.605551275463989,0
278,4.123105625617661,0
365,3.0,0
214,6.0,0
311,-29,6,7
41,3.605551275463989,0
103,5.0,0
130,3.1622776601683795,0
201,6.4031242374328485,0
223,4.123105625617661,0
227,4.0,0
199,4.123105625617661,0
312,-19,46,6
48,3.0,0
64,3.1622776601683795,0
112,3.605551275463989,0
117,6.324555320336759,0
228,3.1622776601683795,0
303,6.0,0
313,36,40,5
160,3.1622776601683795,0
174,4.47213595499958,0
376,3.0,0
276,5.830951894845301,0
244,6.4031242374328485,0
314,22,10,6
25,5.830951894845301,0
54,6.082762530298219,0
79,6.324555320336759,0
155,3.605551275463989,0
234,3.1622776601683795,0
285,3.1622776601683795,0
315,48,23,6
45,3.0,0
56,4.0,0
108,5.0,0
248,7.0,0
255,3.0,0
210,6.708203932499369,0
316,-4,25,6
72,5.385164807134504,0
127,3.0,0
132,5.0,0
197,3.0,0
273,5.830951894845301,0
354,6.0,0
317,32,23,5
173,3.605551275463989,0
189,3.1622776601683795,0
252,7.0710678118654755,0
162,8.0,0
192,8.54400374531753,0
318,-31,47,8
46,5.0,0
91,10.04987562112089,0
106,3.0,0
117,6.082762530298219,0
120,6.0,0
239,15.0,0
254,3.1622776601683795,0
296,5.830951894845301,0
319,48,48,5
85,5.0,0
135,4.0,0
270,5.0,0
247,7.211102550927978,0
60,8.0,0
320,22,20,5
39,4.47213595499958,0
189,7.280109889280518,0
200,3.1622776601683795,0
252,3.605551275463989,0
113,8.0,0
321,35,-40,5
38,4.0,0
259,6.0,0
348,12.0,0
297,24.020824298928627,0
51,27.0,0
322,-5,37,6
28,3.0,0
164,3.0,0
253,3.0,0
308,5.0,0
330,5.830951894845301,0
323,6.0,0
323,1,37,6
28,3.0,0
198,5.830951894845301,0
233,7.0,0
275,3.0,0
308,3.605551275463989,0
322,6.0,0
324,-24,14,6
22,3.1622776601683795,0
96,3.0,0
122,3.0,0
225,6.708203932499369,0
373,6.082762530298219,0
41,6.324555320336759,0
325,-44,-48,2
191,9.0,0
345,5.0,0
326,19,0,5
79,4.123105625617661,0
119,3.1622776601683795,0
177,5.0,0
209,4.47213595499958,0
90,5.0,0
327,43,15,5
111,5.0990195135927845,0
230,5.0990195135927845,0
246,3.605551275463989,0
108,5.0990195135927845,0
255,7.0710678118654755,0
328,39,-44,6
32,9.055385138137417,0
38,4.0,0
52,4.47213595499958,0
222,5.385164807134504,0
309,4.0,0
348,8.94427190999916,0
329,48,34,5
14,5.0990195135927845,0
175,3.0,0
248,4.0,0
76,5.0,0
210,5.830951894845301,0
330,-10,34,5
61,3.1622776601683795,0
164,3.605551275463989,0
322,5.830951894845301,0
253,5.0,0
23,8.0,0
331,31,48,5
17,4.123105625617661,0
67,3.605551275463989,0
266,5.0990195135927845,0
276,8.54400374531753,0
60,9.0,0
332,-44,5,5
49,4.123105625617661,0
271,3.1622776601683795,0
292,5.0,0
26,7.0710678118654755,0
168,7.0710678118654755,0
333,13,47,6
73,4.123105625617661,0
104,3.605551275463989,0
114,6.082762530298219,0
157,5.0,0
211,3.0,0
347,10.0,0
334,-41,-20,5
133,3.0,0
146,3.605551275463989,0
243,3.0,0
245,3.1622776601683795,0
55,6.082762530298219,0
335,-31,-20,6
29,3.605551275463989,0
229,6.082762530298219,0
304,3.0,0
357,3.0,0
375,3.1622776601683795,0
237,5.656854249492381,0
336,44,7,8
27,7.211102550927978,0
87,3.1622776601683795,0
110,4.242640687119285,0
111,3.0,0
161,3.0,0
203,6.0,0
246,6.324555320336759,0
251,4.47213595499958,0
337,33,-25,6
43,4.0,0
208,3.0,0
212,4.242640687119285,0
232,4.242640687119285,0
366,3.0,0
367,5.0,0
338,-34,-35,5
7,3.0,0
77,3.605551275463989,0
99,5.656854249492381,0
216,5.830951894845301,0
214,7.0,0
339,14,41,9
15,7.280109889280518,0
73,7.615773105863909,0
104,4.242640687119285,0
105,3.1622776601683795,0
149,3.605551275463989,0
154,4.47213595499958,0
157,4.242640687119285,0
211,7.211102550927978,0
305,5.385164807134504,0
340,-33,-27,5
29,5.656854249492381,0
229,3.1622776601683795,0
237,3.605551275463989,0
375,4.123105625617661,0
100,5.0,0
341,-42,26,7
31,5.0,0
81,3.1622776601683795,0
92,4.0,0
153,8.246211251235321,0
180,6.082762530298219,0
250,3.605551275463989,0
1,5.830951894845301,0
342,17,-26,6
3,8.0,0
128,3.605551275463989,0
217,5.0990195135927845,0
240,3.1622776601683795,0
284,3.0,0
361,3.605551275463989,0
343,-25,37,7
116,4.123105625617661,0
125,3.0,0
144,3.605551275463989,0
218,3.1622776601683795,0
226,3.605551275463989,0
282,4.242640687119285,0
353,5.385164807134504,0
344,35,-1,5
50,3.0,0
89,3.0,0
183,4.242640687119285,0
141,6.0,0
290,6.324555320336759,0
345,-39,-48,5
63,4.123105625617661,0
138,4.242640687119285,0
191,4.0,0
325,5.0,0
278,6.324555320336759,0
346,11,1,5
171,3.0,0
209,4.123105625617661,0
221,3.1622776601683795,0
119,5.385164807134504,0
131,6.082762530298219,0
347,3,47,5
93,5.0990195135927845,0
114,4.123105625617661,0
211,7.0,0
198,7.0710678118654755,0
333,10.0,0
348,47,-40,7
32,3.1622776601683795,0
222,3.605551275463989,0
288,7.0710678118654755,0
321,12.0,0
328,8.94427190999916,0
52,7.211102550927978,0
38,8.0,0
349,-6,-5,7
8,3.605551275463989,0
33,3.0,0
58,4.123105625617661,0
69,3.605551275463989,0
101,4.123105625617661,0
238,7.280109889280518,0
258,5.0,0
350,-3,-45,6
2,3.605551275463989,0
53,3.1622776601683795,0
71,3.1622776601683795,0
179,5.0,0
190,3.0,0
295,5.385164807134504,0
351,11,20,5
6,4.242640687119285,0
113,3.0,0
156,6.082762530298219,0
374,3.0,0
39,7.280109889280518,0
352,-42,-26,5
12,3.1622776601683795,0
42,4.123105625617661,0
100,4.123105625617661,0
133,3.1622776601683795,0
193,5.385164807134504,0
353,-30,39,5
46,3.1622776601683795,0
116,3.1622776601683795,0
226,3.1622776601683795,0
343,5.385164807134504,0
176,5.656854249492381,0
354,-4,31,6
72,6.4031242374328485,0
127,3.0,0
253,3.1622776601683795,0
273,3.1622776601683795,0
308,4.242640687119285,0
316,6.0,0
355,-10,8,8
4,5.0990195135927845,0
136,3.1622776601683795,0
139,3.605551275463989,0
167,7.280109889280518,0
272,6.324555320336759,0
286,3.605551275463989,0
293,5.385164807134504,0
359,4.47213595499958,0
356,-20,2,5
19,3.0,0
95,3.1622776601683795,0
220,4.0,0
102,5.0,0
199,5.830951894845301,0
357,-28,-20,5
29,3.1622776601683795,0
335,3.0,0
375,5.0,0
304,6.0,0
229,6.324555320336759,0
358,32,6,5
40,3.605551275463989,0
107,3.0,0
141,3.1622776601683795,0
172,5.0990195135927845,0
274,6.0,0
359,-14,6,10
4,4.242640687119285,0
102,3.0,0
136,3.1622776601683795,0
139,7.810249675906654,0
167,7.810249675906654,0
220,4.47213595499958,0
272,4.47213595499958,0
286,6.082762530298219,0
293,9.848857801796104,0
355,4.47213595499958,0
360,16,-7,6
10,3.1622776601683795,0
90,3.0,0
131,4.47213595499958,0
134,3.1622776601683795,0
159,4.47213595499958,0
177,3.605551275463989,0
361,14,-24,7
47,4.242640687119285,0
128,7.211102550927978,0
217,3.605551275463989,0
284,3.1622776601683795,0
299,3.0,0
342,3.605551275463989,0
363,3.0,0
362,-15,-28,5
178,3.605551275463989,0
195,3.0,0
202,3.1622776601683795,0
260,6.082762530298219,0
372,6.0,0
363,14,-21,9
47,3.0,0
68,3.605551275463989,0
158,3.1622776601683795,0
187,5.0990195135927845,0
217,6.324555320336759,0
280,6.082762530298219,0
284,3.605551275463989,0
299,4.242640687119285,0
361,3.0,0
364,-15,-37,7
34,3.0,0
80,3.1622776601683795,0
82,7.0710678118654755,0
257,11.045361017187261,0
369,3.0,0
205,5.0,0
57,6.324555320336759,0
365,-41,-38,5
99,3.1622776601683795,0
214,3.0,0
310,3.0,0
7,5.0,0
278,5.656854249492381,0
366,33,-28,8
43,5.0,0
109,6.324555320336759,0
208,4.242640687119285,0
212,3.0,0
232,3.0,0
264,10.198039027185569,0
302,6.082762530298219,0
337,3.0,0
367,37,-22,6
16,3.0,0
74,5.0,0
184,6.0,0
208,3.1622776601683795,0
302,3.0,0
337,5.0,0
368,40,-12,5
9,5.385164807134504,0
129,3.0,0
151,5.0,0
184,5.0,0
213,8.246211251235321,0
369,-12,-37,6
34,4.242640687119285,0
57,3.605551275463989,0
80,6.082762530298219,0
82,10.04987562112089,0
205,4.0,0
364,3.0,0
370,41,30,6
5,3.0,0
75,5.656854249492381,0
126,3.0,0
147,3.1622776601683795,0
169,4.242640687119285,0
210,4.123105625617661,0
371,-30,23,5
142,3.1622776601683795,0
225,6.0,0
261,4.0,0
115,7.0710678118654755,0
122,8.48528137423857,0
372,-9,-28,5
195,3.0,0
269,5.0,0
362,6.0,0
202,5.830951894845301,0
121,7.211102550927978,0
373,-23,8,7
19,6.0,0
22,3.0,0
41,3.0,0
95,3.605551275463989,0
118,4.123105625617661,0
199,3.605551275463989,0
324,6.082762530298219,0
374,11,23,5
6,3.0,0
113,4.242640687119285,0
156,3.1622776601683795,0
265,7.0,0
351,3.0,0
375,-32,-23,7
29,3.0,0
229,3.605551275463989,0
237,3.1622776601683795,0
304,3.605551275463989,0
335,3.1622776601683795,0
340,4.123105625617661,0
357,5.0,0
376,36,43,5
160,5.0,0
266,4.0,0
276,3.605551275463989,0
313,3.0,0
247,6.082762530298219,0
